  PERMNO        date            RET        vwretd        ewretd        sprtrn
   90319    20110103       0.017476      0.011205      0.012533      0.011315
   90319    20110104      -0.003690     -0.003888     -0.006753     -0.001313
   90319    20110105       0.011543      0.005374      0.007944      0.005007
   90319    20110106       0.007273     -0.002519     -0.001211     -0.002123
   90319    20110107       0.004792     -0.001946     -0.002848     -0.001845
   90319    20110110      -0.003618     -0.000718      0.002287     -0.001376
   90319    20110111       0.002931      0.005025      0.005963      0.003725
   90319    20110112       0.001396      0.009020      0.008259      0.009008
   90319    20110113      -0.000292     -0.001887     -0.000500     -0.001711
   90319    20110114       0.012145      0.006638      0.004736      0.007385
   90319    20110118       0.024752      0.002164      0.002518      0.001376
   90319    20110119      -0.012320     -0.012230     -0.016081     -0.010116
   90319    20110120      -0.007883     -0.003822     -0.007600     -0.001295
   90319    20110121      -0.023836      0.001269     -0.000137      0.002414
   90319    20110124      -0.001226      0.006285      0.006046      0.005836
   90319    20110125       0.014450     -0.000435     -0.001076      0.000263
   90319    20110126      -0.005501      0.007330      0.011708      0.004221
   90319    20110127       0.000470      0.002122      0.001653      0.002244
   90319    20110128      -0.025616     -0.017212     -0.017784     -0.017852
   90319    20110131      -0.001048      0.007620      0.005212      0.007663
   90319    20110201       0.017789      0.017011      0.014753      0.016694
   90319    20110202       0.001571     -0.002218     -0.000556     -0.002723
   90319    20110203      -0.003023      0.002926      0.001939      0.002354
   90319    20110204       0.001360      0.002168      0.001326      0.002884
   90319    20110207       0.005426      0.006122      0.006745      0.006240
   90319    20110208       0.006650      0.004562      0.003895      0.004185
   90319    20110209      -0.003040     -0.003430     -0.003610     -0.002786
   90319    20110210      -0.000097      0.001331      0.000472      0.000750
   90319    20110211       0.013075      0.006107      0.006629      0.005507
   90319    20110214       0.005845      0.003390      0.003197      0.002385
   90319    20110215      -0.006368     -0.003185     -0.003015     -0.003235
   90319    20110216       0.000112      0.007512      0.006352      0.006257
   90319    20110217       0.001666      0.003948      0.005617      0.003076
   90319    20110218       0.007709      0.001227      0.001088      0.001925
   90319    20110222      -0.031536     -0.021038     -0.020645     -0.020529
   90319    20110223       0.001819     -0.006545     -0.008481     -0.006112
   90319    20110224      -0.004090     -0.000131      0.002655     -0.000994
   90319    20110225       0.002004      0.012918      0.015057      0.010550
   90319    20110228       0.005508      0.005333      0.002853      0.005561
   90319    20110301      -0.020606     -0.014888     -0.011157     -0.015740
   90319    20110302       0.000050      0.002830      0.002967      0.001615
   90319    20110303       0.014597      0.016072      0.013356      0.017219
   90319    20110304      -0.014666     -0.005889     -0.003337     -0.007378
   90319    20110307      -0.014918     -0.009398     -0.009718     -0.008341
   90319    20110308       0.001099      0.008078      0.008947      0.008923
   90319    20110309      -0.000912     -0.002433     -0.003092     -0.001362
   90319    20110310      -0.019383     -0.019773     -0.019528     -0.018871
   90319    20110311      -0.006186      0.006950      0.002937      0.007080
   90319    20110314      -0.011652     -0.005471     -0.006664     -0.006049
   90319    20110315      -0.000754     -0.011143     -0.010769     -0.011200
   90319    20110316      -0.021877     -0.016629     -0.010119     -0.019495
   90319    20110317       0.007647      0.012207      0.007240      0.013398
   90319    20110318      -0.000534      0.004853      0.008049      0.004302
   90319    20110321       0.027519      0.016431      0.015753      0.014994
   90319    20110322       0.001422     -0.003235     -0.001224     -0.003551
   90319    20110323       0.008384      0.002867      0.002902      0.002914
   90319    20110324       0.008125      0.008540      0.005814      0.009341
   90319    20110325      -0.012183      0.003130      0.003927      0.003161
   90319    20110328      -0.007555     -0.003324     -0.001773     -0.002748
   90319    20110329       0.011071      0.007158      0.005552      0.007060
   90319    20110330       0.000189      0.008221      0.007886      0.006685
   90319    20110331       0.008456     -0.000603      0.002407     -0.001829
   90319    20110401       0.008590      0.005456      0.003529      0.004963
   90319    20110404      -0.006962      0.001162      0.000958      0.000345
   90319    20110405      -0.031633      0.001331      0.001920     -0.000180
   90319    20110406       0.008944      0.001737      0.002638      0.002184
   90319    20110407       0.010136     -0.002255     -0.002513     -0.001520
   90319    20110408      -0.003172     -0.003388     -0.004745     -0.004004
   90319    20110411      -0.001366     -0.004720     -0.006491     -0.002793
   90319    20110412      -0.011708     -0.009236     -0.010338     -0.007777
   90319    20110413       0.009937      0.001303      0.001645      0.000190
   90319    20110414       0.003870      0.000539      0.002637      0.000084
   90319    20110415      -0.082643      0.003963      0.004948      0.003925
   90319    20110418      -0.007273     -0.011611     -0.011485     -0.011018
   90319    20110419      -0.010079      0.005720      0.003512      0.005731
   90319    20110420       0.008053      0.014266      0.012661      0.013515
   90319    20110421      -0.001198      0.005868      0.004946      0.005277
   90319    20110425      -0.000095     -0.001841     -0.000562     -0.001593
   90319    20110426       0.014799      0.008147      0.005423      0.008980
   90319    20110427       0.009271      0.006160      0.005247      0.006250
   90319    20110428       0.000390      0.002940      0.001926      0.003555
   90319    20110429       0.011395      0.003121      0.003668      0.002301
   90319    20110502      -0.010182     -0.003566     -0.006003     -0.001753
   90319    20110503      -0.008671     -0.006643     -0.009097     -0.003379
   90319    20110504       0.003559     -0.007961     -0.008801     -0.006855
   90319    20110505      -0.002837     -0.009446     -0.006183     -0.009070
   90319    20110506       0.001928      0.004605      0.004575      0.003820
   90319    20110509       0.004446      0.006144      0.006964      0.004544
   90319    20110510       0.009262      0.008469      0.009877      0.008074
   90319    20110511      -0.013286     -0.012234     -0.011619     -0.011111
   90319    20110512      -0.000747      0.004028      0.004319      0.004895
   90319    20110513      -0.010279     -0.008902     -0.009009     -0.008067
   90319    20110516      -0.021018     -0.006952     -0.010372     -0.006204
   90319    20110517       0.023224     -0.000633     -0.004038     -0.000369
   90319    20110518      -0.001225      0.010736      0.010977      0.008804
   90319    20110519       0.002718      0.002341      0.000843      0.002178
   90319    20110520      -0.013591     -0.006785     -0.004414     -0.007688
   90319    20110523      -0.010763     -0.012998     -0.013172     -0.011926
   90319    20110524      -0.000251     -0.000394     -0.001002     -0.000827
   90319    20110525       0.002721      0.005075      0.005819      0.003183
   90319    20110526      -0.002963      0.005325      0.007791      0.003953
   90319    20110527       0.005346      0.005110      0.006103      0.004081
   90319    20110531       0.015588      0.010286      0.009375      0.010593
   90319    20110601      -0.006465     -0.023067     -0.019626     -0.022785
   90319    20110602       0.004680     -0.000633     -0.000076     -0.001225
   90319    20110603      -0.009431     -0.009286     -0.009502     -0.009734
   90319    20110606      -0.003862     -0.012446     -0.013344     -0.010760
   90319    20110607      -0.003896      0.000282      0.001428     -0.000956
   90319    20110608       0.000270     -0.005968     -0.010672     -0.004187
   90319    20110609      -0.004700      0.007448      0.005505      0.007378
   90319    20110610      -0.013982     -0.014080     -0.011776     -0.013980
   90319    20110613      -0.009372     -0.000903     -0.005617      0.000669
   90319    20110614       0.007212      0.013861      0.014384      0.012612
   90319    20110615      -0.010661     -0.017293     -0.014059     -0.017432
   90319    20110616      -0.005130     -0.000108     -0.000800      0.001754
   90319    20110617      -0.030677      0.002163      0.001297      0.003045
   90319    20110620      -0.000907      0.005342      0.002474      0.005395
   90319    20110621       0.017376      0.015891      0.016179      0.013423
   90319    20110622      -0.012160     -0.005474     -0.003055     -0.006468
   90319    20110623      -0.013932     -0.002584     -0.000871     -0.002828
   90319    20110624      -0.011120     -0.010561     -0.002417     -0.011726
   90319    20110627       0.016678      0.008067      0.005460      0.009184
   90319    20110628       0.022473      0.013690      0.010609      0.012944
   90319    20110629       0.007941      0.008723      0.004950      0.008283
   90319    20110630       0.017706      0.009707      0.008397      0.010119
   90319    20110701       0.028927      0.013471      0.010064      0.014410
   90319    20110705       0.021903     -0.000018      0.000809     -0.001336
   90319    20110706       0.005484      0.001148      0.002874      0.001002
   90319    20110707       0.020995      0.010619      0.011712      0.010454
   90319    20110708      -0.026729     -0.006328     -0.004797     -0.006961
   90319    20110711      -0.008853     -0.019338     -0.016317     -0.018090
   90319    20110712       0.012764     -0.003806     -0.002238     -0.004434
   90319    20110713       0.007959      0.005001      0.007494      0.003106
   90319    20110714      -0.017315     -0.008041     -0.009534     -0.006716
   90319    20110715       0.129845      0.006174      0.004226      0.005554
   90319    20110718      -0.004484     -0.009471     -0.011054     -0.008130
   90319    20110719       0.012791      0.016157      0.013523      0.016309
   90319    20110720      -0.011949      0.000056      0.000967     -0.000671
   90319    20110721       0.019552      0.012251      0.008889      0.013546
   90319    20110722       0.018518      0.001438      0.001586      0.000908
   90319    20110725       0.001213     -0.006273     -0.007887     -0.005643
   90319    20110726       0.005719     -0.004537     -0.004068     -0.004105
   90319    20110727      -0.024578     -0.021640     -0.021094     -0.020309
   90319    20110728       0.006126     -0.002926     -0.001403     -0.003234
   90319    20110729      -0.011867     -0.005606     -0.003052     -0.006451
   90319    20110801       0.005102     -0.003610     -0.000879     -0.004132
   90319    20110802      -0.023683     -0.025643     -0.021078     -0.025557
   90319    20110803       0.014804      0.004954      0.002260      0.005016
   90319    20110804      -0.039340     -0.050349     -0.047411     -0.047820
   90319    20110805       0.002632     -0.004785     -0.012547     -0.000575
   90319    20110808      -0.057025     -0.068664     -0.072385     -0.066634
   90319    20110809       0.050163      0.051214      0.047193      0.047407
   90319    20110810      -0.042552     -0.038550     -0.029835     -0.044152
   90319    20110811       0.023898      0.045247      0.037437      0.046290
   90319    20110812       0.002918      0.004764      0.004185      0.005262
   90319    20110815      -0.011601      0.022829      0.023020      0.021785
   90319    20110816      -0.032715     -0.010894     -0.012918     -0.009739
   90319    20110817      -0.010853      0.000845      0.000679      0.000947
   90319    20110818      -0.053025     -0.045310     -0.041324     -0.044594
   90319    20110819      -0.027650     -0.015358     -0.012201     -0.015009
   90319    20110822       0.014768      0.000037     -0.002608      0.000258
   90319    20110823       0.041452      0.033737      0.029031      0.034285
   90319    20110824       0.008616      0.011553      0.008018      0.013120
   90319    20110825      -0.006211     -0.015903     -0.015381     -0.015566
   90319    20110826       0.013114      0.016437      0.015544      0.015122
   90319    20110829       0.023194      0.029617      0.031522      0.028280
   90319    20110830       0.003005      0.003760      0.004724      0.002347
   90319    20110831       0.000481      0.005091      0.003022      0.004922
   90319    20110901      -0.015639     -0.012121     -0.013773     -0.011871
   90319    20110902      -0.014385     -0.024626     -0.022464     -0.025282
   90319    20110906      -0.005068     -0.008132     -0.008986     -0.007436
   90319    20110907       0.022693      0.029134      0.027153      0.028646
   90319    20110908       0.001741     -0.010869     -0.012275     -0.010612
   90319    20110909      -0.018899     -0.026578     -0.021056     -0.026705
   90319    20110912       0.010041      0.004140     -0.000416      0.006966
   90319    20110913      -0.001132      0.010801      0.011949      0.009120
   90319    20110914       0.004816      0.012782      0.011742      0.013480
   90319    20110915       0.019715      0.015462      0.008819      0.017187
   90319    20110916       0.007594      0.003563      0.001512      0.005707
   90319    20110919      -0.000018     -0.010934     -0.014296     -0.009803
   90319    20110920      -0.000082     -0.004104     -0.009079     -0.001661
   90319    20110921      -0.013583     -0.029425     -0.024666     -0.029390
   90319    20110922      -0.034384     -0.034393     -0.032856     -0.031883
   90319    20110923       0.009315      0.005756      0.007256      0.006082
   90319    20110926       0.012141      0.021584      0.009890      0.023336
   90319    20110927       0.014007      0.012842      0.015760      0.010688
   90319    20110928      -0.019468     -0.023685     -0.025352     -0.020691
   90319    20110929      -0.002534      0.008220      0.006639      0.008114
   90319    20110930      -0.023621     -0.024625     -0.018836     -0.024974
   90319    20111003      -0.037900     -0.031919     -0.041273     -0.028451
   90319    20111004       0.012875      0.023616      0.027309      0.022488
   90319    20111005       0.005579      0.019649      0.017119      0.017866
   90319    20111006       0.019834      0.020555      0.020344      0.018304
   90319    20111007       0.000797     -0.010923     -0.013551     -0.008163
   90319    20111010       0.042806      0.034255      0.029485      0.034125
   90319    20111011       0.011188      0.001062      0.005101      0.000544
   90319    20111012       0.009794      0.011796      0.015322      0.009795
   90319    20111013       0.019125     -0.002945     -0.000734     -0.002974
   90319    20111014       0.058480      0.017728      0.014655      0.017380
   90319    20111017      -0.015667     -0.020840     -0.020291     -0.019370
   90319    20111018       0.013908      0.020778      0.018461      0.020419
   90319    20111019      -0.016613     -0.014157     -0.012744     -0.012649
   90319    20111020       0.005114      0.003883      0.000394      0.004554
   90319    20111021       0.011685      0.019254      0.016331      0.018809
   90319    20111024       0.010042      0.016758      0.021869      0.012873
   90319    20111025      -0.022233     -0.019816     -0.017915     -0.020045
   90319    20111026       0.005402      0.011501      0.013134      0.010537
   90319    20111027       0.021081      0.036207      0.036277      0.034291
   90319    20111028       0.002455      0.000257      0.000381      0.000389
   90319    20111031      -0.012497     -0.024638     -0.019053     -0.024738
   90319    20111101      -0.023606     -0.028596     -0.025533     -0.027942
   90319    20111102       0.010663      0.017069      0.017888      0.016105
   90319    20111103       0.021682      0.019190      0.015892      0.018782
   90319    20111104      -0.002276     -0.005560     -0.004275     -0.006280
   90319    20111107       0.020448      0.004913      0.000138      0.006296
   90319    20111108       0.006592      0.011209      0.010416      0.011736
   90319    20111109      -0.018601     -0.037840     -0.033587     -0.036695
   90319    20111110      -0.009768      0.007420      0.004584      0.008616
   90319    20111111       0.022299      0.019767      0.016413      0.019489
   90319    20111114       0.007644     -0.009370     -0.011208     -0.009550
   90319    20111115       0.005807      0.004531      0.005085      0.004817
   90319    20111116      -0.008256     -0.015089     -0.010399     -0.016616
   90319    20111117      -0.017335     -0.017203     -0.013523     -0.016800
   90319    20111118      -0.009969     -0.000294      0.000960     -0.000395
   90319    20111121      -0.023433     -0.018647     -0.019135     -0.018648
   90319    20111122      -0.001618     -0.003934     -0.004842     -0.004141
   90319    20111123      -0.017052     -0.023237     -0.022580     -0.022095
   90319    20111125      -0.012471     -0.003630     -0.004910     -0.002686
   90319    20111128       0.044742      0.030509      0.027928      0.029240
   90319    20111129      -0.008943      0.002265     -0.002146      0.002214
   90319    20111130       0.028237      0.043878      0.038155      0.043315
   90319    20111201       0.023991     -0.002276     -0.003635     -0.001909
   90319    20111202       0.010737      0.000098      0.004885     -0.000241
   90319    20111205       0.008527      0.010289      0.009664      0.010287
   90319    20111206      -0.003005      0.000388     -0.000491      0.001106
   90319    20111207      -0.000609      0.001910      0.000724      0.002018
   90319    20111208      -0.011774     -0.022858     -0.022706     -0.021142
   90319    20111209       0.018456      0.017730      0.018907      0.016883
   90319    20111212      -0.003235     -0.015540     -0.013563     -0.014914
   90319    20111213       0.000384     -0.011232     -0.012526     -0.008686
   90319    20111214      -0.012084     -0.012733     -0.009141     -0.011348
   90319    20111215       0.002378      0.003745      0.002503      0.003243
   90319    20111216       0.010363      0.004962      0.003603      0.003216
   90319    20111219      -0.006598     -0.012648     -0.014677     -0.011733
   90319    20111220       0.013734      0.030024      0.026932      0.029825
   90319    20111221      -0.007218      0.002021      0.001410      0.001950
   90319    20111222       0.006200      0.008910      0.008202      0.008266
   90319    20111223       0.005463      0.007861      0.004194      0.009035
   90319    20111227       0.011230      0.000019     -0.000984      0.000079
   90319    20111228      -0.000859     -0.013637     -0.013493     -0.012478
   90319    20111229       0.004221      0.010773      0.008718      0.010707
   90319    20111230       0.005448     -0.002580      0.002144     -0.004291
   90319    20120103       0.030206      0.016152      0.017012      0.015474
   90319    20120104       0.004313     -0.000447     -0.001380      0.000188
   90319    20120105      -0.013871      0.002928      0.004055      0.002944
   90319    20120106      -0.013642     -0.002907     -0.000598     -0.002537
   90319    20120109      -0.042399      0.002815      0.004418      0.002262
   90319    20120110       0.001092      0.010420      0.011110      0.008886
   90319    20120111       0.004525      0.000951      0.004571      0.000310
   90319    20120112       0.005879      0.003046      0.005077      0.002337
   90319    20120113      -0.007385     -0.005312     -0.005005     -0.004948
   90319    20120117       0.005744      0.003904      0.003767      0.003553
   90319    20120118       0.006888      0.012296      0.013701      0.011108
   90319    20120119       0.010523      0.005580      0.005448      0.004939
   90319    20120120      -0.083775      0.000881      0.003698      0.000669
   90319    20120123      -0.000802      0.001606      0.001857      0.000471
   90319    20120124      -0.007839     -0.000804      0.003348     -0.001026
   90319    20120125      -0.019693      0.009956      0.009547      0.008672
   90319    20120126      -0.002441     -0.004907     -0.001075     -0.005746
   90319    20120127       0.020912      0.000698      0.006150     -0.001593
   90319    20120130      -0.003948     -0.003724     -0.004826     -0.002522
   90319    20120131       0.004189     -0.000076      0.001781     -0.000457
   90319    20120201       0.001241      0.011173      0.013730      0.008900
   90319    20120202       0.007369      0.001838      0.004402      0.001095
   90319    20120203       0.019176      0.014664      0.014936      0.014605
   90319    20120206       0.021398     -0.000989     -0.000431     -0.000424
   90319    20120207      -0.003809      0.001391      0.001486      0.002023
   90319    20120208       0.005076      0.002189      0.003480      0.002160
   90319    20120209       0.002640      0.001002      0.000374      0.001474
   90319    20120210      -0.009077     -0.008383     -0.009773     -0.006886
   90319    20120213       0.010381      0.007439      0.009485      0.006800
   90319    20120214      -0.003986     -0.001546     -0.004058     -0.000940
   90319    20120215      -0.006888     -0.004223     -0.003162     -0.005383
   90319    20120216       0.001585      0.012461      0.011497      0.011026
   90319    20120217      -0.003100      0.001387      0.002727      0.002349
   90319    20120221       0.015480      0.000152     -0.002241      0.000720
   90319    20120222      -0.009870     -0.003127     -0.004190     -0.003340
   90319    20120223      -0.003010      0.005699      0.008054      0.004272
   90319    20120224       0.006253      0.001495      0.000411      0.001672
   90319    20120227      -0.000967      0.000818     -0.000761      0.001355
   90319    20120228       0.014902      0.002910      0.000562      0.003356
   90319    20120229      -0.000226     -0.005676     -0.009158     -0.004737
   90319    20120301       0.006713      0.006806      0.004670      0.006158
   90319    20120302      -0.001848     -0.004921     -0.008031     -0.003246
   90319    20120305      -0.011268     -0.004551     -0.003539     -0.003870
   90319    20120306      -0.015124     -0.017379     -0.017306     -0.015370
   90319    20120307       0.003041      0.007942      0.009483      0.006901
   90319    20120308       0.000560      0.010859      0.010692      0.009818
   90319    20120309      -0.011348      0.004495      0.007768      0.003631
   90319    20120312       0.008163     -0.001367     -0.001611      0.000160
   90319    20120313       0.020871      0.017606      0.014480      0.018132
   90319    20120314      -0.002898     -0.003919     -0.006757     -0.001196
   90319    20120315       0.008344      0.006511      0.004869      0.005967
   90319    20120316       0.006295      0.001335      0.001369      0.001119
   90319    20120319       0.014303      0.003999      0.004746      0.003974
   90319    20120320      -0.000773     -0.004507     -0.005338     -0.003001
   90319    20120321       0.010245     -0.001123      0.001131     -0.001871
   90319    20120322       0.009485     -0.008099     -0.008249     -0.007207
   90319    20120323      -0.005356      0.004472      0.007160      0.003109
   90319    20120326       0.010489      0.013959      0.011392      0.013886
   90319    20120327      -0.003558     -0.003654     -0.002838     -0.002817
   90319    20120328       0.013508     -0.005516     -0.005409     -0.004942
   90319    20120329      -0.011208     -0.001895     -0.001653     -0.001608
   90319    20120330      -0.011058      0.003351      0.002024      0.003698
   90319    20120402       0.008858      0.008052      0.007351      0.007505
   90319    20120403      -0.006647     -0.004445     -0.006565     -0.003989
   90319    20120404      -0.011624     -0.011810     -0.011965     -0.010202
   90319    20120405      -0.004456     -0.000802     -0.000687     -0.000629
   90319    20120409      -0.002341     -0.011364     -0.011932     -0.011358
   90319    20120410      -0.006309     -0.018009     -0.016253     -0.017081
   90319    20120411       0.014517      0.008509      0.011544      0.007449
   90319    20120412       0.023665      0.015079      0.013034      0.013779
   90319    20120413      -0.040568     -0.012386     -0.010668     -0.012475
   90319    20120416      -0.029667     -0.000585     -0.000035     -0.000504
   90319    20120417       0.005775      0.014948      0.010763      0.015487
   90319    20120418      -0.003478     -0.004028     -0.006151     -0.004055
   90319    20120419      -0.013417     -0.004658     -0.002353     -0.005934
   90319    20120420      -0.005406      0.001631      0.003792      0.001169
   90319    20120423       0.002584     -0.009532     -0.009771     -0.008408
   90319    20120424       0.006141      0.003249      0.005771      0.003680
   90319    20120425       0.014054      0.013821      0.010281      0.013645
   90319    20120426       0.009431      0.006807      0.005776      0.006680
   90319    20120427      -0.000796      0.003895      0.005274      0.002414
   90319    20120430      -0.016472     -0.004313     -0.004072     -0.003884
   90319    20120501      -0.000694      0.004869      0.001691      0.005658
   90319    20120502       0.004682     -0.002035     -0.000501     -0.002497
   90319    20120503       0.006192     -0.009943     -0.010855     -0.007659
   90319    20120504      -0.022994     -0.015666     -0.012679     -0.016147
   90319    20120507       0.017723      0.000556      0.001085      0.000351
   90319    20120508       0.008625     -0.005348     -0.004430     -0.004279
   90319    20120509      -0.005940     -0.006016     -0.004077     -0.006702
   90319    20120510       0.007404      0.002869      0.002588      0.002517
   90319    20120511      -0.013737     -0.002778     -0.003641     -0.003387
   90319    20120514      -0.002032     -0.012160     -0.012421     -0.011113
   90319    20120515       0.011771     -0.006029     -0.006528     -0.005746
   90319    20120516       0.029160     -0.004927     -0.007807     -0.004404
   90319    20120517      -0.009349     -0.015843     -0.015911     -0.015051
   90319    20120518      -0.036353     -0.008140     -0.009673     -0.007388
   90319    20120521       0.022835      0.017751      0.016319      0.016036
   90319    20120522      -0.021674     -0.000470     -0.004011      0.000486
   90319    20120523       0.014414      0.002796      0.002394      0.001694
   90319    20120524      -0.009517      0.001002      0.001696      0.001380
   90319    20120525      -0.020094     -0.001539      0.001210     -0.002166
   90319    20120529       0.004750      0.011224      0.009963      0.011079
   90319    20120530      -0.010280     -0.015481     -0.014326     -0.014335
   90319    20120531      -0.012529     -0.001964     -0.000487     -0.002277
   90319    20120601      -0.017009     -0.024507     -0.020451     -0.024643
   90319    20120604       0.013328     -0.001002     -0.002267      0.000110
   90319    20120605      -0.014138      0.007847      0.008065      0.005727
   90319    20120606       0.017812      0.022686      0.019661      0.023049
   90319    20120607      -0.004031     -0.001374     -0.002025     -0.000106
   90319    20120608       0.003839      0.007125      0.005409      0.008114
   90319    20120611      -0.020587     -0.013951     -0.013468     -0.012620
   90319    20120612      -0.005981      0.011662      0.008888      0.011651
   90319    20120613      -0.007096     -0.006935     -0.007142     -0.007023
   90319    20120614      -0.003636      0.009494      0.007904      0.010815
   90319    20120615       0.009767      0.010109      0.008727      0.010338
   90319    20120618       0.011231      0.002201      0.001768      0.001445
   90319    20120619       0.018709      0.011614      0.012890      0.009816
   90319    20120620      -0.006913     -0.001473     -0.000497     -0.001686
   90319    20120621      -0.021298     -0.023449     -0.018456     -0.022262
   90319    20120622       0.011093      0.007247      0.007577      0.007175
   90319    20120625      -0.018863     -0.015425     -0.011917     -0.015955
   90319    20120626       0.007098      0.004859      0.002919      0.004773
   90319    20120627       0.008182      0.009026      0.009622      0.008985
   90319    20120628      -0.008765     -0.002125     -0.002531     -0.002110
   90319    20120629       0.027928      0.025610      0.023311      0.024920
   90319    20120702       0.000690      0.003868      0.006684      0.002459
   90319    20120703       0.012679      0.008940      0.010767      0.006232
   90319    20120705       0.013762     -0.004123     -0.000733     -0.004687
   90319    20120706      -0.016680     -0.009956     -0.007701     -0.009433
   90319    20120709       0.000051     -0.002193     -0.002344     -0.001639
   90319    20120710      -0.007355     -0.008807     -0.008240     -0.008126
   90319    20120711      -0.018068     -0.000303     -0.000282     -0.000015
   90319    20120712      -0.001243     -0.004880     -0.004134     -0.004987
   90319    20120713       0.010588      0.015253      0.010665      0.016497
   90319    20120716      -0.002775     -0.002467     -0.003494     -0.002314
   90319    20120717       0.003148      0.006708      0.002457      0.007410
   90319    20120718       0.006988      0.006246      0.003871      0.006681
   90319    20120719       0.021179      0.002819      0.000016      0.002717
   90319    20120720       0.029946     -0.009908     -0.008733     -0.010062
   90319    20120723       0.007678     -0.010140     -0.012004     -0.008909
   90319    20120724      -0.012900     -0.009410     -0.009270     -0.009041
   90319    20120725       0.000691      0.000714      0.002465     -0.000314
   90319    20120726       0.008832      0.015498      0.008642      0.016541
   90319    20120727       0.035216      0.018906      0.016470      0.019081
   90319    20120730      -0.004189     -0.000796     -0.002846     -0.000483
   90319    20120731       0.001060     -0.004969     -0.003201     -0.004317
   90319    20120801      -0.000458     -0.004475     -0.009081     -0.003030
   90319    20120802      -0.006212     -0.007290     -0.005662     -0.007374
   90319    20120803       0.020008      0.019216      0.017764      0.019040
   90319    20120806       0.002323      0.003528      0.006633      0.002329
   90319    20120807      -0.003547      0.006347      0.006234      0.005107
   90319    20120808       0.002638      0.000184     -0.000985      0.000621
   90319    20120809       0.000187      0.001632      0.003390      0.000414
   90319    20120810      -0.000545      0.001878     -0.000714      0.002188
   90319    20120813       0.028053     -0.001901     -0.002122     -0.001252
   90319    20120814       0.013106     -0.000010     -0.002248     -0.000128
   90319    20120815      -0.001675      0.002741      0.004557      0.001140
   90319    20120816       0.007985      0.007898      0.008086      0.007101
   90319    20120817       0.006346      0.002643      0.004758      0.001872
   90319    20120820      -0.002363     -0.000603     -0.001571     -0.000021
   90319    20120821      -0.008926     -0.002326     -0.000635     -0.003498
   90319    20120822       0.011456     -0.000101     -0.001769      0.000226
   90319    20120823      -0.000561     -0.007327     -0.004534     -0.008072
   90319    20120824       0.002704      0.005503      0.003249      0.006455
   90319    20120827      -0.013866     -0.000554     -0.000562     -0.000489
   90319    20120828       0.011999      0.000250      0.002383     -0.000808
   90319    20120829       0.015888      0.001006      0.001836      0.000844
   90319    20120830      -0.009200     -0.007791     -0.007581     -0.007806
   90319    20120831       0.005002      0.005874      0.005303      0.005073
   90319    20120904      -0.005912      0.000683      0.003257     -0.001166
   90319    20120905      -0.000470     -0.000603     -0.000701     -0.001068
   90319    20120906       0.027442      0.019456      0.013690      0.020436
   90319    20120907       0.009651      0.005651      0.006500      0.004050
   90319    20120910      -0.007619     -0.005680     -0.001847     -0.006148
   90319    20120911      -0.012244      0.003425      0.004919      0.003135
   90319    20120912      -0.001893      0.002643      0.003966      0.002093
   90319    20120913       0.021943      0.015280      0.011218      0.016310
   90319    20120914       0.005156      0.006140      0.008189      0.003959
   90319    20120917       0.000423     -0.004545     -0.004125     -0.003125
   90319    20120918       0.011691     -0.001779     -0.000302     -0.001280
   90319    20120919       0.012836      0.001315      0.001816      0.001185
   90319    20120920       0.000848     -0.001935     -0.003646     -0.000541
   90319    20120921       0.008067      0.000447      0.004981     -0.000075
   90319    20120924       0.020968     -0.003072     -0.003206     -0.002233
   90319    20120925      -0.000294     -0.010795     -0.009620     -0.010502
   90319    20120926       0.005740     -0.005508     -0.004866     -0.005737
   90319    20120927       0.004035      0.010037      0.009004      0.009649
   90319    20120928      -0.002644     -0.004496     -0.003450     -0.004478
   90319    20121001       0.009649      0.002808      0.002686      0.002652
   90319    20121002      -0.006288      0.001179      0.000358      0.000872
   90319    20121003       0.007279      0.002520     -0.000075      0.003624
   90319    20121004       0.007279      0.007665      0.006553      0.007174
   90319    20121005      -0.000521     -0.000143     -0.000816     -0.000322
   90319    20121008      -0.012779     -0.003573     -0.003513     -0.003457
   90319    20121009      -0.018144     -0.009778     -0.009101     -0.009891
   90319    20121010       0.000632     -0.005548     -0.004100     -0.006188
   90319    20121011       0.009294      0.001748      0.004541      0.000195
   90319    20121012      -0.008956     -0.003495     -0.004211     -0.002966
   90319    20121015      -0.005062      0.007238      0.004203      0.008078
   90319    20121016       0.005020      0.009928      0.007051      0.010270
   90319    20121017       0.014489      0.005076      0.005617      0.004117
   90319    20121018      -0.080067     -0.002692     -0.003857     -0.002444
   90319    20121019      -0.019007     -0.015630     -0.013002     -0.016571
   90319    20121022      -0.004576      0.000194     -0.000217      0.000440
   90319    20121023       0.002475     -0.012913     -0.006968     -0.014444
   90319    20121024      -0.004480     -0.002619     -0.001404     -0.003085
   90319    20121025       0.000676      0.003295      0.002153      0.002996
   90319    20121026      -0.003851     -0.001378     -0.001835     -0.000729
   90319    20121031       0.007624      0.002487      0.003479      0.000156
   90319    20121101       0.010719      0.011187      0.009688      0.010927
   90319    20121102       0.000477     -0.009744     -0.008756     -0.009379
   90319    20121105      -0.007207      0.002246      0.003177      0.002164
   90319    20121106      -0.001816      0.007865      0.006034      0.007853
   90319    20121107      -0.021416     -0.021054     -0.017904     -0.023705
   90319    20121108      -0.022230     -0.011558     -0.009589     -0.012205
   90319    20121109       0.016465      0.000938     -0.000526      0.001699
   90319    20121112       0.004329     -0.000220     -0.001908      0.000130
   90319    20121113      -0.010282     -0.004151     -0.005841     -0.003985
   90319    20121114      -0.009868     -0.014685     -0.015597     -0.013852
   90319    20121115      -0.008107     -0.002941     -0.006183     -0.001594
   90319    20121116      -0.000124      0.006190      0.005711      0.004840
   90319    20121119       0.032495      0.019175      0.016544      0.019862
   90319    20121120       0.002634      0.000991      0.000886      0.000663
   90319    20121121      -0.006120      0.003116      0.004899      0.002320
   90319    20121123       0.003154      0.012714      0.010102      0.013026
   90319    20121126      -0.010210     -0.001648      0.001177     -0.002030
   90319    20121127       0.014460     -0.004425     -0.000884     -0.005227
   90319    20121128       0.019323      0.007487      0.005110      0.007856
   90319    20121129       0.012023      0.005424      0.008573      0.004270
   90319    20121130       0.009366      0.000261      0.000934      0.000162
   90319    20121203      -0.004468     -0.004218     -0.002069     -0.004745
   90319    20121204      -0.006070     -0.001278     -0.001109     -0.001710
   90319    20121205      -0.004645      0.001759     -0.000019      0.001585
   90319    20121206       0.004812      0.002840      0.000757      0.003307
   90319    20121207      -0.010013      0.002525      0.001168      0.002921
   90319    20121210       0.001768      0.001533      0.002706      0.000338
   90319    20121211       0.016720      0.006150      0.007321      0.006549
   90319    20121212       0.000976      0.000254     -0.000299      0.000448
   90319    20121213       0.007369     -0.005870     -0.004080     -0.006321
   90319    20121214      -0.001049     -0.003101      0.000863     -0.004135
   90319    20121217       0.026806      0.010176      0.006517      0.011871
   90319    20121218       0.000402      0.011103      0.009526      0.011487
   90319    20121219      -0.001331     -0.004642      0.000914     -0.007589
   90319    20121220       0.003125      0.004884      0.004202      0.005488
   90319    20121221      -0.009317     -0.008487     -0.005630     -0.009379
   90319    20121224      -0.008566     -0.002205     -0.002533     -0.002440
   90319    20121226      -0.000888     -0.004958     -0.003251     -0.004787
   90319    20121227      -0.003640     -0.000675     -0.001767     -0.001218
   90319    20121228      -0.008891     -0.009273     -0.004132     -0.011050
   90319    20121231       0.010528      0.016421      0.014969      0.016942
   90319    20130102       0.022435      0.024984      0.024129      0.025403
   90319    20130103       0.000581     -0.001907      0.000471     -0.002086
   90319    20130104       0.019760      0.005624      0.007408      0.004865
   90319    20130107      -0.004363     -0.002554     -0.000448     -0.003123
   90319    20130108      -0.001973     -0.002216     -0.000524     -0.003242
   90319    20130109       0.006570      0.003400      0.005273      0.002656
   90319    20130110       0.004555      0.006801      0.003862      0.007597
   90319    20130111      -0.002009      0.000247      0.000797     -0.000048
   90319    20130114      -0.022622     -0.000348      0.000450     -0.000931
   90319    20130115       0.002323      0.001962      0.001921      0.001129
   90319    20130116      -0.013436     -0.000731     -0.001481      0.000197
   90319    20130117      -0.005411      0.005922      0.006769      0.005643
   90319    20130118      -0.009574      0.002936      0.002363      0.003403
   90319    20130122      -0.002328      0.005185      0.006150      0.004428
   90319    20130123       0.054960      0.000285     -0.000764      0.001507
   90319    20130124       0.016628      0.000646      0.001533      0.000007
   90319    20130125      -0.000212      0.005241      0.002828      0.005445
   90319    20130128      -0.003901     -0.001320      0.000423     -0.001850
   90319    20130129       0.003930      0.003618      0.002765      0.005106
   90319    20130130       0.000199     -0.003872     -0.004865     -0.003900
   90319    20130131       0.002467     -0.000787      0.002893     -0.002563
   90319    20130201       0.026347      0.009280      0.008245      0.010053
   90319    20130204      -0.021377     -0.011034     -0.009364     -0.011539
   90319    20130205       0.008853      0.009256      0.007102      0.010416
   90319    20130206       0.005785      0.001308      0.002338      0.000549
   90319    20130207       0.004908     -0.002113     -0.002393     -0.001805
   90319    20130208       0.014755      0.005389      0.003945      0.005658
   90319    20130211      -0.003756     -0.001002     -0.000183     -0.000606
   90319    20130212      -0.002198      0.002184      0.003532      0.001595
   90319    20130213       0.002767      0.001387      0.001443      0.000592
   90319    20130214       0.006336      0.000847      0.001613      0.000691
   90319    20130215       0.006435     -0.002002     -0.001715     -0.001045
   90319    20130219       0.017606      0.006938      0.006199      0.007337
   90319    20130220      -0.017835     -0.013310     -0.013073     -0.012404
   90319    20130221       0.003874     -0.007033     -0.007335     -0.006303
   90319    20130222       0.005254      0.008675      0.007518      0.008773
   90319    20130225      -0.011179     -0.017138     -0.014094     -0.018310
   90319    20130226      -0.000809      0.005658      0.003625      0.006109
   90319    20130227       0.012213      0.012262      0.007460      0.012726
   90319    20130228       0.001775     -0.000638     -0.000090     -0.000864
   90319    20130301       0.006228      0.001766      0.001691      0.002324
   90319    20130304       0.018996      0.003656      0.001139      0.004611
   90319    20130305       0.020815      0.009194      0.007270      0.009566
   90319    20130306      -0.008614      0.001660      0.002950      0.001085
   90319    20130307       0.001463      0.002326      0.004182      0.001816
   90319    20130308      -0.001292      0.004894      0.006155      0.004481
   90319    20130311       0.003969      0.002693      0.002128      0.003249
   90319    20130312      -0.008637     -0.001933     -0.001493     -0.002403
   90319    20130313      -0.002779      0.000791      0.000158      0.001314
   90319    20130314      -0.004568      0.005948      0.004858      0.005603
   90319    20130315      -0.008810     -0.001519     -0.001282     -0.001618
   90319    20130318      -0.007997     -0.005320     -0.002690     -0.005510
   90319    20130319       0.004370     -0.002900     -0.003544     -0.002423
   90319    20130320       0.004176      0.007238      0.006508      0.006697
   90319    20130321      -0.004232     -0.007556     -0.004430     -0.008282
   90319    20130322      -0.001171      0.005839      0.003328      0.007174
   90319    20130325      -0.000827     -0.003075     -0.001587     -0.003340
   90319    20130326       0.003434      0.007288      0.003350      0.007785
   90319    20130327      -0.012014     -0.000120      0.000679     -0.000588
   90319    20130328      -0.010555      0.004038      0.002917      0.004057
   90319    20130401       0.008817     -0.005373     -0.007797     -0.004474
   90319    20130402       0.014790      0.002712     -0.002178      0.005172
   90319    20130403      -0.008410     -0.011847     -0.011644     -0.010546
   90319    20130404      -0.013808      0.003815      0.003704      0.004048
   90319    20130405      -0.015118     -0.003517     -0.001037     -0.004295
   90319    20130408      -0.010472      0.006627      0.004411      0.006303
   90319    20130409       0.003614      0.003707      0.002604      0.003544
   90319    20130410       0.016113      0.011610      0.011377      0.012189
   90319    20130411       0.000266      0.003194      0.001170      0.003552
   90319    20130412      -0.000430     -0.003765     -0.003930     -0.002837
   90319    20130415      -0.010278     -0.025563     -0.027340     -0.022966
   90319    20130416       0.014630      0.014659      0.011702      0.014307
   90319    20130417      -0.013625     -0.014664     -0.013782     -0.014328
   90319    20130418      -0.021271     -0.005704     -0.002351     -0.006701
   90319    20130419       0.044334      0.009353      0.008028      0.008848
   90319    20130422       0.000305      0.004274      0.003041      0.004662
   90319    20130423       0.009731      0.010138      0.010404      0.010419
   90319    20130424       0.006875      0.002181      0.004624      0.000006
   90319    20130425      -0.005352      0.004945      0.006175      0.004035
   90319    20130426      -0.009492     -0.002469     -0.002953     -0.001842
   90319    20130429       0.022011      0.007365      0.006471      0.007186
   90319    20130430       0.006727      0.004086      0.003917      0.002485
   90319    20130501      -0.005021     -0.010612     -0.013124     -0.009308
   90319    20130502       0.011189      0.009480      0.009199      0.009408
   90319    20130503       0.019419      0.010376      0.010755      0.010535
   90319    20130506       0.018718      0.002555      0.003997      0.001908
   90319    20130507      -0.005014      0.005135      0.004118      0.005230
   90319    20130508       0.019131      0.005021      0.004602      0.004139
   90319    20130509      -0.002461     -0.003687     -0.002673     -0.003687
   90319    20130510       0.010040      0.004662      0.005393      0.004322
   90319    20130513      -0.003067     -0.000627     -0.000792      0.000043
   90319    20130514       0.010906      0.009344      0.006823      0.010142
   90319    20130515       0.032454      0.003943      0.001770      0.005114
   90319    20130516      -0.013124     -0.004595     -0.002447     -0.005010
   90319    20130517       0.005875      0.009394      0.006531      0.010300
   90319    20130520      -0.000715      0.000631      0.004955     -0.000708
   90319    20130521      -0.001717      0.001610      0.001466      0.001722
   90319    20130522      -0.019350     -0.009642     -0.010059     -0.008274
   90319    20130523      -0.007454     -0.002434     -0.000151     -0.002924
   90319    20130524      -0.010727     -0.001020     -0.000350     -0.000551
   90319    20130528       0.009103      0.006286      0.006506      0.006341
   90319    20130529      -0.014706     -0.006967     -0.006971     -0.007048
   90319    20130530       0.002822      0.004201      0.005389      0.003670
   90319    20130531       0.000526     -0.013560     -0.009492     -0.014307
   90319    20130603      -0.004118      0.004650      0.002565      0.005936
   90319    20130604      -0.009831     -0.005563     -0.004488     -0.005511
   90319    20130605       0.000698     -0.013396     -0.010458     -0.013780
   90319    20130606       0.005746      0.008977      0.007730      0.008490
   90319    20130607       0.017452      0.011370      0.005330      0.012832
   90319    20130610       0.011924      0.000190      0.002916     -0.000347
   90319    20130611      -0.011694     -0.010876     -0.009470     -0.010153
   90319    20130612      -0.008900     -0.008124     -0.006721     -0.008370
   90319    20130613       0.005757      0.015043      0.011588      0.014784
   90319    20130614      -0.002235     -0.005371     -0.004604     -0.005885
   90319    20130617       0.012811      0.007177      0.005131      0.007567
   90319    20130618       0.016214      0.007355      0.006078      0.007791
   90319    20130619       0.000067     -0.013406     -0.009639     -0.013851
   90319    20130620      -0.017698     -0.025743     -0.023687     -0.025010
   90319    20130621      -0.004306      0.001442      0.002747      0.002670
   90319    20130624      -0.012646     -0.012324     -0.014795     -0.012145
   90319    20130625      -0.004127      0.010326      0.009985      0.009497
   90319    20130626       0.008601      0.008921      0.005205      0.009590
   90319    20130627       0.003915      0.008115      0.011708      0.006200
   90319    20130628       0.003763     -0.002796      0.001627     -0.004290
   90319    20130701       0.008531      0.006723      0.009141      0.005404
   90319    20130702      -0.006273     -0.001399     -0.002919     -0.000545
   90319    20130703       0.004670      0.000415     -0.000100      0.000824
   90319    20130705       0.007965      0.009014      0.005947      0.010202
   90319    20130708       0.012983      0.005172      0.003698      0.005252
   90319    20130709       0.000166      0.007715      0.005760      0.007230
   90319    20130710       0.000829      0.000643      0.002770      0.000182
   90319    20130711       0.015729      0.014621      0.012997      0.013554
   90319    20130712       0.002999      0.002473      0.001028      0.003087
   90319    20130715       0.001831      0.002323      0.005546      0.001375
   90319    20130716      -0.005496     -0.003775     -0.001546     -0.003709
   90319    20130717      -0.001150      0.002997      0.003696      0.002774
   90319    20130718      -0.008568      0.005450      0.004970      0.005033
   90319    20130719      -0.015463      0.001480      0.000552      0.001610
   90319    20130722       0.015728      0.002796      0.004195      0.002033
   90319    20130723      -0.007577     -0.001168      0.002073     -0.001852
   90319    20130724      -0.000996     -0.004916     -0.005985     -0.003811
   90319    20130725      -0.016835      0.003964      0.005521      0.002556
   90319    20130726      -0.002647      0.000147     -0.001511      0.000828
   90319    20130729      -0.003479     -0.003749     -0.003816     -0.003736
   90319    20130730       0.009804      0.000410      0.000284      0.000374
   90319    20130731      -0.003558      0.000197      0.001750     -0.000136
   90319    20130801       0.018552      0.012243      0.009356      0.012541
   90319    20130802       0.002599      0.001332      0.000912      0.001640
   90319    20130805      -0.001732     -0.000731      0.001899     -0.001480
   90319    20130806      -0.009315     -0.006570     -0.006180     -0.005723
   90319    20130807      -0.006603     -0.004527     -0.005628     -0.003806
   90319    20130808       0.002257      0.005441      0.005406      0.003885
   90319    20130809      -0.002521     -0.001916     -0.000247     -0.003570
   90319    20130812      -0.005503     -0.000139      0.002700     -0.001153
   90319    20130813      -0.004811      0.001499     -0.000915      0.002776
   90319    20130814      -0.012982     -0.004084     -0.001067     -0.005177
   90319    20130815      -0.011669     -0.012961     -0.011149     -0.014282
   90319    20130816      -0.003201     -0.002932     -0.002099     -0.003305
   90319    20130819       0.010202     -0.007095     -0.008153     -0.005900
   90319    20130820      -0.000266      0.005670      0.008067      0.003821
   90319    20130821       0.004518     -0.006157     -0.005252     -0.005780
   90319    20130822       0.005038      0.009118      0.010541      0.008619
   90319    20130823      -0.004006      0.004364      0.003842      0.003947
   90319    20130826      -0.004390     -0.002842     -0.000002     -0.004040
   90319    20130827      -0.018744     -0.016292     -0.016842     -0.015874
   90319    20130828      -0.001882      0.002623      0.002138      0.002748
   90319    20130829       0.008108      0.003211      0.005360      0.001963
   90319    20130830      -0.009972     -0.004823     -0.007727     -0.003174
   90319    20130903       0.015917      0.004520      0.004639      0.004164
   90319    20130904       0.013080      0.007604      0.007115      0.008117
   90319    20130905       0.009093      0.001815      0.003010      0.001210
   90319    20130906       0.000023      0.001051      0.002761      0.000054
   90319    20130909       0.009634      0.010840      0.011386      0.009993
   90319    20130910       0.000694      0.007203      0.005425      0.007346
   90319    20130911       0.008462      0.002748      0.001120      0.003052
   90319    20130912      -0.003488     -0.004001     -0.004229     -0.003380
   90319    20130913      -0.004475      0.002661      0.003440      0.002715
   90319    20130916      -0.001471      0.005149      0.003321      0.005693
   90319    20130917      -0.001859      0.004977      0.005434      0.004218
   90319    20130918       0.019422      0.012557      0.011768      0.012178
   90319    20130919      -0.005458     -0.001141     -0.000431     -0.001843
   90319    20130920       0.005254     -0.007310     -0.004424     -0.007217
   90319    20130923      -0.018392     -0.004154     -0.001939     -0.004720
   90319    20130924       0.000384     -0.001216      0.002218     -0.002597
   90319    20130925      -0.010836     -0.001667      0.000585     -0.002739
   90319    20130926       0.001072      0.003960      0.003876      0.003485
   90319    20130927      -0.002027     -0.003601     -0.002150     -0.004074
   90319    20130930      -0.000548     -0.004859     -0.002007     -0.006029
   90319    20131001       0.012666      0.008708      0.008695      0.007999
   90319    20131002       0.001112     -0.000691     -0.000280     -0.000667
   90319    20131003      -0.013401     -0.008613     -0.006092     -0.008979
   90319    20131004      -0.004269      0.006733      0.005498      0.007053
   90319    20131007      -0.007577     -0.008474     -0.005823     -0.008506
   90319    20131008      -0.013942     -0.013083     -0.012620     -0.012332
   90319    20131009       0.002565     -0.000456     -0.001969      0.000574
   90319    20131010       0.014465      0.020975      0.017009      0.021830
   90319    20131011       0.004319      0.006886      0.007900      0.006286
   90319    20131014       0.004725      0.004080      0.003569      0.004075
   90319    20131015       0.006734     -0.006831     -0.004937     -0.007064
   90319    20131016       0.018162      0.012777      0.009057      0.013828
   90319    20131017      -0.010284      0.007753      0.009615      0.006744
   90319    20131018       0.137955      0.006937      0.006116      0.006549
   90319    20131021      -0.008017      0.000148      0.000383      0.000092
   90319    20131022       0.003688      0.005529      0.004015      0.005738
   90319    20131023       0.024237     -0.005298     -0.004769     -0.004725
   90319    20131024      -0.005679      0.004037      0.004170      0.003258
   90319    20131025      -0.010092      0.003134     -0.000001      0.004395
   90319    20131028      -0.000197      0.000342     -0.001661      0.001330
   90319    20131029       0.020926      0.004431      0.003409      0.005584
   90319    20131030      -0.005616     -0.005648     -0.007185     -0.004876
   90319    20131031       0.000155     -0.003533     -0.004199     -0.003839
   90319    20131101      -0.003435      0.001404     -0.002231      0.002903
   90319    20131104      -0.000909      0.004332      0.007257      0.003571
   90319    20131105      -0.004469     -0.002999     -0.001942     -0.002806
   90319    20131106       0.001204      0.003015     -0.000848      0.004266
   90319    20131107      -0.014471     -0.013879     -0.013029     -0.013183
   90319    20131108       0.008016      0.012328      0.009308      0.013428
   90319    20131111      -0.005354      0.000993      0.002545      0.000723
   90319    20131112       0.001178     -0.002247     -0.002888     -0.002370
   90319    20131113       0.020449      0.008521      0.006926      0.008095
   90319    20131114       0.002673      0.004565      0.002579      0.004837
   90319    20131115      -0.001613      0.004422      0.005526      0.004222
   90319    20131118      -0.001945     -0.004638     -0.004134     -0.003698
   90319    20131119      -0.006152     -0.003366     -0.004351     -0.002043
   90319    20131120      -0.002823     -0.003300     -0.003096     -0.003636
   90319    20131121       0.011503      0.008668      0.009070      0.008129
   90319    20131122      -0.002108      0.004572      0.003700      0.004961
   90319    20131125       0.013606     -0.001431     -0.000255     -0.001263
   90319    20131126       0.011932      0.001067      0.004053      0.000150
   90319    20131127       0.004441      0.002738      0.005455      0.002485
   90319    20131129      -0.003311      0.000170      0.003875     -0.000786
   90319    20131202      -0.004823     -0.003649     -0.007152     -0.002719
   90319    20131203      -0.001157     -0.003714     -0.003833     -0.003193
   90319    20131204       0.004671     -0.000950     -0.000588     -0.001304
   90319    20131205      -0.000794     -0.003511     -0.001612     -0.004340
   90319    20131206       0.011851      0.009669      0.006687      0.011238
   90319    20131209       0.007730      0.001862     -0.000607      0.001817
   90319    20131210       0.006047     -0.002810     -0.002139     -0.003180
   90319    20131211      -0.006795     -0.012061     -0.011254     -0.011317
   90319    20131212      -0.006804     -0.002551     -0.000698     -0.003771
   90319    20131213      -0.008570      0.001279      0.003054     -0.000101
   90319    20131216       0.011491      0.006431      0.006875      0.006320
   90319    20131217      -0.002908     -0.002331     -0.000097     -0.003101
   90319    20131218       0.013918      0.014482      0.008528      0.016648
   90319    20131219       0.001355     -0.001016     -0.001754     -0.000580
   90319    20131220       0.013257      0.006900      0.010080      0.004819
   90319    20131223       0.013156      0.006231      0.008646      0.005318
   90319    20131224      -0.002924      0.003465      0.004324      0.002916
   90319    20131226       0.005055      0.003996      0.002325      0.004745
   90319    20131227       0.000841     -0.000065      0.001436     -0.000337
   90319    20131230      -0.007994      0.000276      0.000551     -0.000179
   90319    20131231       0.010140      0.004258      0.003915      0.003960
   90319    20140102      -0.006772     -0.008755     -0.004051     -0.008862
   90319    20140103      -0.007295      0.000488      0.004096     -0.000333
   90319    20140106       0.011149     -0.003352     -0.001676     -0.002512
   90319    20140107       0.019276      0.006080      0.006892      0.006082
   90319    20140108       0.002083      0.000165      0.000835     -0.000212
   90319    20140109      -0.009630      0.000116      0.000232      0.000348
   90319    20140110      -0.000053      0.003582      0.005960      0.002307
   90319    20140113      -0.006371     -0.011627     -0.007697     -0.012576
   90319    20140114       0.023527      0.010251      0.009522      0.010818
   90319    20140115      -0.000679      0.005064      0.005820      0.005166
   90319    20140116       0.006617     -0.000258      0.002016     -0.001347
   90319    20140117      -0.004921     -0.003458     -0.000673     -0.003895
   90319    20140121       0.011447      0.003354      0.005318      0.002774
   90319    20140122       0.001134      0.001469      0.003711      0.000575
   90319    20140123      -0.004223     -0.008152     -0.006438     -0.008890
   90319    20140124      -0.031265     -0.021111     -0.019296     -0.020875
   90319    20140127      -0.020110     -0.006649     -0.010387     -0.004876
   90319    20140128       0.019778      0.007289      0.008305      0.006141
   90319    20140129      -0.014328     -0.009927     -0.007727     -0.010209
   90319    20140130       0.025724      0.011498      0.009324      0.011267
   90319    20140131       0.040141     -0.005793     -0.005268     -0.006465
   90319    20140203      -0.040255     -0.023172     -0.021283     -0.022832
   90319    20140204       0.004173      0.007607      0.005913      0.007641
   90319    20140205       0.004428     -0.001943     -0.004986     -0.002028
   90319    20140206       0.014661      0.011902      0.008515      0.012440
   90319    20140207       0.015069      0.012605      0.010024      0.013302
   90319    20140210      -0.003830      0.001555      0.003988      0.001569
   90319    20140211       0.014707      0.010599      0.008681      0.011062
   90319    20140212      -0.002932      0.001161      0.001603     -0.000269
   90319    20140213       0.011132      0.006958      0.008401      0.005810
   90319    20140214       0.002417      0.004115      0.003217      0.004809
   90319    20140218       0.006718      0.003185      0.006940      0.001158
   90319    20140219      -0.007053     -0.006844     -0.006556     -0.006524
   90319    20140220       0.001472      0.006445      0.007149      0.006031
   90319    20140221      -0.000266     -0.000816      0.001533     -0.001919
   90319    20140224       0.007244      0.006175      0.005684      0.006187
   90319    20140225       0.006177     -0.001267     -0.001884     -0.001348
   90319    20140226       0.000139      0.001041      0.002945      0.000022
   90319    20140227      -0.000787      0.004883      0.006057      0.004948
   90319    20140228      -0.002920      0.001674     -0.000735      0.002783
   90319    20140303      -0.010661     -0.006622     -0.003855     -0.007379
   90319    20140304       0.010161      0.015425      0.016489      0.015268
   90319    20140305       0.002757      0.000360      0.002150     -0.000053
   90319    20140306       0.001108      0.001717      0.002474      0.001718
   90319    20140307      -0.003952     -0.000802     -0.001643      0.000538
   90319    20140310      -0.002651     -0.001258     -0.001022     -0.000463
   90319    20140311      -0.009558     -0.005525     -0.007303     -0.005082
   90319    20140312       0.006092      0.001296      0.001470      0.000305
   90319    20140313      -0.015108     -0.011128     -0.008840     -0.011701
   90319    20140314      -0.013675     -0.001379      0.001197     -0.002822
   90319    20140317       0.016456      0.008275      0.005371      0.009614
   90319    20140318       0.016073      0.007659      0.008709      0.007220
   90319    20140319      -0.009915     -0.006794     -0.005280     -0.006132
   90319    20140320      -0.001743      0.004690      0.001142      0.006041
   90319    20140321      -0.011795     -0.002865     -0.000898     -0.002933
   90319    20140324      -0.021225     -0.006073     -0.008920     -0.004865
   90319    20140325       0.000682      0.003435      0.001238      0.004404
   90319    20140326      -0.023086     -0.008163     -0.011849     -0.007000
   90319    20140327      -0.015628     -0.001070     -0.001497     -0.001900
   90319    20140328       0.005268      0.004471      0.002658      0.004640
   90319    20140331      -0.005035      0.009180      0.010512      0.007924
   90319    20140401       0.018286      0.008255      0.008989      0.007039
   90319    20140402       0.000185      0.002826      0.003632      0.002853
   90319    20140403       0.005399     -0.003097     -0.006998     -0.001126
   90319    20140404      -0.045932     -0.012577     -0.012466     -0.012537
   90319    20140407      -0.008473     -0.011635     -0.011536     -0.010750
   90319    20140408       0.031223      0.005383      0.006044      0.003751
   90319    20140409       0.017094      0.011296      0.010445      0.010918
   90319    20140410      -0.035888     -0.020772     -0.017922     -0.020885
   90319    20140411      -0.016335     -0.009776     -0.009547     -0.009487
   90319    20140414       0.013835      0.006507      0.000249      0.008217
   90319    20140415       0.006420      0.005175     -0.001758      0.006757
   90319    20140416       0.027702      0.010633      0.009288      0.010488
   90319    20140417      -0.036460      0.002272      0.004201      0.001364
   90319    20140421      -0.007307      0.003488      0.004051      0.003775
   90319    20140422       0.011365      0.005565      0.008348      0.004092
   90319    20140423      -0.014647     -0.002778     -0.003873     -0.002213
   90319    20140424      -0.005712      0.000720     -0.001431      0.001717
   90319    20140425      -0.021219     -0.009465     -0.012122     -0.008096
   90319    20140428      -0.000229      0.001083     -0.004227      0.003236
   90319    20140429       0.025527      0.005628      0.002765      0.004761
   90319    20140430      -0.002704      0.003403      0.002607      0.002992
   90319    20140501       0.006824      0.000756      0.000715     -0.000143
   90319    20140502      -0.008653     -0.000262      0.000884     -0.001348
   90319    20140505       0.002735      0.001305     -0.000247      0.001871
   90319    20140506      -0.023836     -0.008722     -0.009108     -0.008988
   90319    20140507      -0.008745      0.004396     -0.002716      0.005616
   90319    20140508       0.004189     -0.002680     -0.007151     -0.001374
   90319    20140509       0.012400      0.001576      0.003307      0.001519
   90319    20140512       0.022426      0.011163      0.014883      0.009673
   90319    20140513       0.005776     -0.000664     -0.003102      0.000422
   90319    20140514      -0.013166     -0.004720     -0.006852     -0.004701
   90319    20140515      -0.009899     -0.008355     -0.006830     -0.009362
   90319    20140516      -0.001550      0.003408      0.003325      0.003747
   90319    20140519       0.019932      0.004289      0.005823      0.003845
   90319    20140520       0.002895     -0.006935     -0.007937     -0.006498
   90319    20140521       0.017228      0.007409      0.004290      0.008116
   90319    20140522       0.010460      0.003479      0.005598      0.002362
   90319    20140523       0.015033      0.004763      0.006622      0.004248
   90319    20140527       0.019635      0.005886      0.007250      0.005988
   90319    20140528      -0.007689     -0.001313     -0.000426     -0.001114
   90319    20140529       0.000193      0.004895      0.003798      0.005367
   90319    20140530       0.001910      0.000648     -0.002478      0.001844
   90319    20140602      -0.012788      0.000707     -0.002722      0.000728
   90319    20140603      -0.017419     -0.000378     -0.002286     -0.000379
   90319    20140604      -0.001353      0.002548      0.002550      0.001892
   90319    20140605       0.020171      0.007264      0.011053      0.006525
   90319    20140606       0.001947      0.005108      0.007430      0.004628
   90319    20140609       0.008303      0.001869      0.005748      0.000939
   90319    20140610      -0.004258     -0.000364      0.000606     -0.000246
   90319    20140611      -0.001408     -0.003070     -0.001367     -0.003537
   90319    20140612      -0.014097     -0.005682     -0.002297     -0.007089
   90319    20140613       0.001519      0.003062      0.001781      0.003135
   90319    20140616      -0.014366      0.001410      0.002006      0.000837
   90319    20140617      -0.003051      0.002943      0.004991      0.002173
   90319    20140618       0.018243      0.006972      0.005413      0.007719
   90319    20140619       0.007723      0.001685      0.002033      0.001277
   90319    20140620       0.002708      0.002066      0.001486      0.001730
   90319    20140623       0.013715      0.000131     -0.000423     -0.000132
   90319    20140624      -0.003047     -0.006977     -0.006623     -0.006435
   90319    20140625       0.023387      0.005116      0.004372      0.004897
   90319    20140626      -0.001980     -0.000553      0.000406     -0.001179
   90319    20140627       0.001573      0.002880      0.005283      0.001911
   90319    20140630      -0.001742      0.001031      0.002778     -0.000372
   90319    20140701       0.011665      0.006791      0.007202      0.006678
   90319    20140702      -0.001200     -0.000308     -0.000838      0.000659
   90319    20140703       0.003893      0.004960      0.003767      0.005480
   90319    20140707      -0.003912     -0.006099     -0.009967     -0.003924
   90319    20140708      -0.020922     -0.007339     -0.009708     -0.007049
   90319    20140709       0.008575      0.004472      0.002268      0.004644
   90319    20140710      -0.005691     -0.004848     -0.006661     -0.004131
   90319    20140711       0.011396      0.000774      0.000505      0.001471
   90319    20140714       0.012972      0.004556      0.003811      0.004844
   90319    20140715      -0.002019     -0.003290     -0.006740     -0.001932
   90319    20140716      -0.004114      0.003758      0.000775      0.004201
   90319    20140717      -0.016593     -0.010957     -0.010541     -0.011834
   90319    20140718       0.041820      0.010248      0.009656      0.010265
   90319    20140721      -0.011023     -0.002167     -0.001821     -0.002320
   90319    20140722       0.008572      0.005099      0.005685      0.005016
   90319    20140723       0.002684      0.001853      0.001143      0.001754
   90319    20140724      -0.003602      0.000243     -0.000737      0.000488
   90319    20140725      -0.008176     -0.005026     -0.004408     -0.004849
   90319    20140728       0.001572     -0.000499     -0.002544      0.000288
   90319    20140729      -0.008464     -0.003660     -0.000656     -0.004528
   90319    20140730       0.002509      0.000527      0.001238      0.000061
   90319    20140731      -0.026686     -0.019351     -0.016042     -0.019999
   90319    20140801      -0.010267     -0.003453     -0.004325     -0.002859
   90319    20140804       0.015115      0.007131      0.004569      0.007189
   90319    20140805      -0.015680     -0.008871     -0.004639     -0.009685
   90319    20140806       0.002355      0.000306      0.002049      0.000016
   90319    20140807      -0.004665     -0.004897     -0.003772     -0.005557
   90319    20140808       0.010720      0.010292      0.007341      0.011531
   90319    20140811      -0.001194      0.004763      0.007579      0.002759
   90319    20140812      -0.008887     -0.002197     -0.003681     -0.001637
   90319    20140813       0.021744      0.006619      0.005093      0.006707
   90319    20140814       0.000154      0.004201      0.002515      0.004346
   90319    20140815      -0.001608      0.000297     -0.000418     -0.000061
   90319    20140818       0.015401      0.008512      0.008572      0.008532
   90319    20140819       0.007440      0.004709      0.003095      0.005001
   90319    20140820      -0.002847      0.001975     -0.001684      0.002478
   90319    20140821      -0.005022      0.002466      0.001526      0.002950
   90319    20140822       0.000203     -0.001440      0.000202     -0.001993
   90319    20140825      -0.003325      0.004547      0.002831      0.004788
   90319    20140826      -0.004149      0.002174      0.004296      0.001051
   90319    20140827      -0.008706      0.000631      0.000708      0.000050
   90319    20140828      -0.004597     -0.001825     -0.002425     -0.001690
   90319    20140829       0.003515      0.003795      0.005008      0.003320
   90319    20140902       0.010767      0.000040      0.001711     -0.000544
   90319    20140903       0.001512     -0.000580     -0.001910     -0.000779
   90319    20140904       0.006141     -0.002384     -0.003331     -0.001534
   90319    20140905       0.007823      0.004374      0.002325      0.005036
   90319    20140908       0.006440     -0.002768      0.000711     -0.003073
   90319    20140909      -0.016056     -0.006314     -0.007138     -0.006545
   90319    20140910       0.002449      0.003336      0.002361      0.003646
   90319    20140911      -0.003893      0.001294      0.001528      0.000882
   90319    20140912      -0.010506     -0.006578     -0.005937     -0.005963
   90319    20140915      -0.005574     -0.002882     -0.008128     -0.000710
   90319    20140916       0.012276      0.007024      0.002691      0.007484
   90319    20140917       0.007660      0.000799      0.000746      0.001296
   90319    20140918       0.006708      0.004524      0.001232      0.004891
   90319    20140919       0.013612     -0.002358     -0.005404     -0.000477
   90319    20140922      -0.013429     -0.010078     -0.012408     -0.008013
   90319    20140923      -0.010196     -0.005988     -0.005323     -0.005776
   90319    20140924       0.012247      0.007101      0.004422      0.007832
   90319    20140925      -0.022008     -0.015545     -0.011671     -0.016169
   90319    20140926       0.004528      0.008406      0.005848      0.008576
   90319    20140929      -0.000153     -0.002414     -0.001783     -0.002547
   90319    20140930       0.001021     -0.004084     -0.006147     -0.002786
   90319    20141001      -0.014922     -0.012914     -0.012712     -0.013249
   90319    20141002       0.002157      0.000767      0.003224      0.000005
   90319    20141003       0.009245      0.009101      0.004718      0.011166
   90319    20141006       0.002610     -0.001584     -0.003940     -0.001565
   90319    20141007      -0.023274     -0.014988     -0.012748     -0.015126
   90319    20141008       0.016792      0.015880      0.009494      0.017462
   90319    20141009      -0.022150     -0.021200     -0.019852     -0.020661
   90319    20141010      -0.027365     -0.013329     -0.013074     -0.011451
   90319    20141013      -0.018804     -0.015504     -0.007357     -0.016468
   90319    20141014       0.007233      0.002339      0.002958      0.001579
   90319    20141015      -0.014507     -0.004496      0.002839     -0.008100
   90319    20141016      -0.007046      0.003834      0.011545      0.000145
   90319    20141017      -0.025982      0.010804      0.003826      0.012884
   90319    20141020       0.017993      0.009253      0.008011      0.009143
   90319    20141021       0.010613      0.019222      0.013127      0.019574
   90319    20141022       0.008661     -0.008872     -0.009154     -0.007299
   90319    20141023       0.020196      0.012250      0.010159      0.012303
   90319    20141024      -0.008579      0.006014      0.001939      0.007053
   90319    20141027       0.001785     -0.002165     -0.003801     -0.001502
   90319    20141028       0.016476      0.013728      0.016580      0.011939
   90319    20141029      -0.000877     -0.002239     -0.002074     -0.001385
   90319    20141030       0.003259      0.004969      0.003778      0.006230
   90319    20141031       0.013565      0.011525      0.009145      0.011731
   90319    20141103      -0.007220     -0.000676     -0.001684     -0.000119
   90319    20141104       0.000745     -0.004623     -0.005727     -0.002830
   90319    20141105      -0.014605      0.004883      0.001037      0.005701
   90319    20141106      -0.007663      0.003804      0.002064      0.003776
   90319    20141107       0.000236      0.001992      0.003703      0.000350
   90319    20141110       0.011616      0.002730      0.001480      0.003120
   90319    20141111       0.005482      0.001133      0.000563      0.000697
   90319    20141112      -0.005416      0.000554      0.002474     -0.000701
   90319    20141113      -0.003242     -0.000933     -0.006239      0.000530
   90319    20141114      -0.002246      0.001343      0.001907      0.000240
   90319    20141117      -0.015400     -0.000220     -0.004405      0.000735
   90319    20141118      -0.003897      0.005510      0.004301      0.005134
   90319    20141119       0.004940     -0.002369     -0.006283     -0.001501
   90319    20141120      -0.006287      0.003290      0.006490      0.001967
   90319    20141121       0.003917      0.005319      0.004875      0.005237
   90319    20141124       0.002913      0.003181      0.004896      0.002864
   90319    20141125       0.003196     -0.000405     -0.000241     -0.001150
   90319    20141126      -0.002731      0.002803      0.002520      0.002806
   90319    20141128       0.002465     -0.006080     -0.013253     -0.002542
   90319    20141201      -0.017174     -0.008985     -0.013735     -0.006829
   90319    20141202      -0.001964      0.005875      0.005457      0.006384
   90319    20141203      -0.003008      0.005226      0.005991      0.003765
   90319    20141204       0.010448     -0.002140     -0.004154     -0.001162
   90319    20141205      -0.026724      0.001452      0.002811      0.001665
   90319    20141208       0.005018     -0.009467     -0.014340     -0.007257
   90319    20141209       0.010137      0.001712      0.008818     -0.000238
   90319    20141210      -0.015053     -0.017423     -0.016875     -0.016351
   90319    20141211       0.007708      0.004088      0.001751      0.004536
   90319    20141212      -0.019921     -0.015221     -0.010083     -0.016214
   90319    20141215      -0.010872     -0.007675     -0.011454     -0.006343
   90319    20141216      -0.034274     -0.005844     -0.001292     -0.008489
   90319    20141217       0.016641      0.021779      0.022401      0.020352
   90319    20141218       0.016132      0.021536      0.014705      0.024015
   90319    20141219       0.010532      0.004598      0.005261      0.004570
   90319    20141222       0.023575      0.003256      0.001511      0.003810
   90319    20141223       0.012155      0.002200      0.000876      0.001746
   90319    20141224      -0.003415      0.000586      0.002258     -0.000139
   90319    20141226       0.008549      0.003668      0.004966      0.003310
   90319    20141229      -0.007774      0.001236      0.000076      0.000862
   90319    20141230      -0.003778     -0.004281     -0.001811     -0.004889
   90319    20141231      -0.008631     -0.008785     -0.001037     -0.010311
